0, 0.000000, 10.000000, 1.000000
1, 0.100000, 10.100000, 1.893428
2, 0.200000, 10.289343, 1.427557
3, 0.300000, 10.432099, 2.580178
4, 0.400000, 10.690116, 5.368220
5, 0.500000, 11.226938, 4.363091
6, 0.600000, 11.663247, 3.458508
7, 0.700000, 12.009098, 6.271083
8, 0.800000, 12.636207, 7.178844
9, 0.900000, 13.354091, 5.522011
10, 1.000000, 13.906292, 6.054930
11, 1.100000, 14.511785, 4.522602
12, 1.200000, 14.964045, 3.138882
13, 1.300000, 15.277934, 3.308918
14, 1.400000, 15.608825, -0.848534
15, 1.500000, 15.523972, -4.213516
16, 1.600000, 15.102620, -4.916740
17, 1.700000, 14.610946, -6.450728
18, 1.800000, 13.965874, -5.177160
19, 1.900000, 13.448158, -6.475493
20, 2.000000, 12.800608, -8.652551
21, 2.100000, 11.935353, -4.855998
22, 2.200000, 11.449753, -4.821951
23, 2.300000, 10.967558, -4.204699
24, 2.400000, 10.547088, -6.633726
25, 2.500000, 9.883716, -7.059119
26, 2.600000, 9.177804, -6.131362
27, 2.700000, 8.564668, -7.820213
28, 2.800000, 7.782646, -6.286795
29, 2.900000, 7.153967, -6.859393
30, 3.000000, 6.468028, -6.756841
31, 3.100000, 5.792343, -7.284570
32, 3.200000, 5.063886, -2.851557
33, 3.300000, 4.778731, -2.593396
34, 3.400000, 4.519391, -4.449478
35, 3.500000, 4.074443, -2.359440
36, 3.600000, 3.838499, -4.565184
37, 3.700000, 3.381981, -3.690938
38, 3.800000, 3.012887, -7.241185
39, 3.900000, 2.288769, -9.173438
40, 4.000000, 1.371425, -7.862372
41, 4.100000, 0.585188, -5.599202
42, 4.200000, 0.025267, -4.696545
43, 4.300000, -0.444387, -4.458187
44, 4.400000, -0.890206, -4.614576
45, 4.500000, -1.351663, -7.110162
46, 4.600000, -2.062679, -7.838834
47, 4.700000, -2.846563, -7.976228
48, 4.800000, -3.644186, -5.064361
49, 4.900000, -4.150622, -3.870688
50, 5.000000, -4.537691, -7.009700
51, 5.100000, -5.238661, -5.660562
52, 5.200000, -5.804717, -5.864670
53, 5.300000, -6.391184, -6.632047
54, 5.400000, -7.054389, -4.745490
55, 5.500000, -7.528938, -2.208942
56, 5.600000, -7.749832, -0.125487
57, 5.700000, -7.762381, -1.791374
58, 5.800000, -7.941518, -2.230661
59, 5.900000, -8.164584, -1.345068
60, 6.000000, -8.299091, 0.740529
61, 6.100000, -8.225038, -0.291872
62, 6.200000, -8.254225, -0.634003
63, 6.300000, -8.317626, -2.783273
64, 6.400000, -8.595953, -4.897359
65, 6.500000, -9.085689, -2.782571
66, 6.600000, -9.363946, 0.208166
67, 6.700000, -9.343129, 0.043329
68, 6.800000, -9.338796, 2.046062
69, 6.900000, -9.134190, 2.564728
70, 7.000000, -8.877717, 1.018016
71, 7.100000, -8.775916, 1.639005
72, 7.200000, -8.612015, 4.551178
73, 7.300000, -8.156897, 4.024408
74, 7.400000, -7.754457, 6.751254
75, 7.500000, -7.079331, 0.836639
76, 7.600000, -6.995667, 2.396780
77, 7.700000, -6.755989, 2.331196
78, 7.800000, -6.522870, 1.500062
79, 7.900000, -6.372864, 1.533577
80, 8.000000, -6.219506, -2.594918
81, 8.100000, -6.478998, -2.774770
82, 8.200000, -6.756475, -1.783068
83, 8.300000, -6.934782, 1.351027
84, 8.400000, -6.799679, 0.179384
85, 8.500000, -6.781741, -1.455542
86, 8.600000, -6.927295, -2.313502
87, 8.700000, -7.158645, -0.251347
88, 8.800000, -7.183780, 0.431290
89, 8.900000, -7.140651, -0.671360
90, 9.000000, -7.207787, 0.422311
91, 9.100000, -7.165556, 0.574235
92, 9.200000, -7.108132, 2.454102
93, 9.300000, -6.862722, 0.804585
94, 9.400000, -6.782263, 0.068802
95, 9.500000, -6.775383, -0.722294
96, 9.600000, -6.847613, -3.577095
97, 9.700000, -7.205322, -2.627145
98, 9.800000, -7.468036, -1.842320
99, 9.900000, -7.652268, -1.647861
100, 10.000000, -7.817055, -1.952249
