0, 0.000000, 1.000000, 1.000000
1, 0.100000, 1.100000, 3.540417
2, 0.200000, 1.454042, 1.649109
3, 0.300000, 1.618953, 2.893768
4, 0.400000, 1.908329, 1.209624
5, 0.500000, 2.029292, 1.149664
6, 0.600000, 2.144258, 1.717949
7, 0.700000, 2.316053, 1.000023
8, 0.800000, 2.416055, 0.355450
9, 0.900000, 2.451600, 2.856277
10, 1.000000, 2.737228, 0.355708
11, 1.100000, 2.772799, 1.692135
12, 1.200000, 2.942012, 0.499134
13, 1.300000, 2.991926, -2.538153
14, 1.400000, 2.738111, -5.332178
15, 1.500000, 2.204893, -3.840282
16, 1.600000, 1.820865, -0.358222
17, 1.700000, 1.785042, -1.993380
18, 1.800000, 1.585704, -1.950245
19, 1.900000, 1.390680, -1.298394
20, 2.000000, 1.260841, -0.541365
21, 2.100000, 1.206704, -2.738439
22, 2.200000, 0.932860, -1.683921
23, 2.300000, 0.764468, -0.168283
24, 2.400000, 0.747640, 2.107040
25, 2.500000, 0.958344, 1.343026
26, 2.600000, 1.092646, -0.471962
27, 2.700000, 1.045450, -0.346090
28, 2.800000, 1.010841, 0.689294
29, 2.900000, 1.079770, 1.469951
30, 3.000000, 1.226766, -0.426159
31, 3.100000, 1.184150, -2.701105
32, 3.200000, 0.914039, -2.831808
33, 3.300000, 0.630858, -2.120467
34, 3.400000, 0.418812, -1.067738
35, 3.500000, 0.312038, -2.517737
36, 3.600000, 0.060264, -2.683192
37, 3.700000, -0.208055, -4.523113
